00000000000000000000000000000000000000000000000000000000000000000000000000000000111000000000000000000000000000000000000000000000
00000000000000000000000000000000111000001110000011100000000000000000000011100000111000001110000000000000000000000000000000000000
00000000000000000000000000000000000000001110000011100000111000000001110000011100000111000001110000000000000000000000000000000000
00000000000000000000000000000000000000000000000011100000000111000001110000011100000111000001110000011100000000000000000000000000
00000000000000000000000011100000111000001110000011100000000111000001110011111111000111001111111100011100000111000000000000000000
00000000000000000000000000000000111000001110000000011100000111001111111100000000000111000000000011111111000111000001110000000000
00000000000000000000000000000000000000000001110000011100000111001111111100000000000111000000000011111111000111000001110000000000
00000000000000000000000011100000111000000001110000011100000111001111111100000000000111000000000011111111000111000001110000000000
00000000000000000000000000000000111000000001110000011100111000001110000011111111000111001111111111100000111000000001110000000000
00000000000000000000000000000000000000000001110000011100000000001110000011100000111111111110000011100000000111000000000000000000
00011100000000000000000000000000000000000001110000011100000000110000000000000000000111000000000000000000000000000000000000000000
00011100000111001110000011100000111000000000001100000011000000110000001100011100000111000001110000011100000111000000000000000000
00000000000111000001110011100000111000000000001100000011000000110001110000011100000111001111111111111111111111110000000000000000
00000000000000000001110000011100000111000001110000000011000111000001110000011100111111111111111111111111111111111111111100000000
00000000000000000000000000011100000111000001110000011100000111000001110000000011000000111111111111111111111111111111111100000000
00000000000000000000000000000000000111000001110000011100000111000000001100000011000000110000001111111111111111110000001100000011
